Name,AB,R,HR,RBI,BA,OPS,WAR▼,PA,EV,HardH%
Chris Taylor\tayloch03,507,92,20,73,0.254,0.782,2.6,582,87.4,0.381
Roberto Perez\perezro02,141,13,7,17,0.149,0.564,-0.1,161,87.9,0.414
Brendan Rodgers\rodgebr02,387,49,15,51,0.284,0.798,1.4,415,88.8,0.406
Kelvin Gutierrez\gutieke01,272,23,3,20,0.232,0.608,-0.1,295,90.0,0.451
Taylor Ward\wardta01,208,33,8,33,0.25,0.769,0.6,237,86.9,0.397
Luis Robert\roberlu01,275,42,13,43,0.338,0.946,3.6,296,91.2,0.455
Alec Bohm\bohmal01,380,46,7,47,0.247,0.647,-1.3,417,92.0,0.498
Victor Robles\roblevi01,315,37,2,19,0.203,0.605,-0.2,369,80.5,0.272
Salvador Perez\perezsa02,620,88,48,121,0.273,0.859,5.3,665,93.0,0.562
Whit Merrifield\merriwh01,664,97,10,74,0.277,0.711,3.6,720,86.4,0.28800000000000003
Tomás Nido\nidoto01,153,16,3,13,0.222,0.588,0.4,161,88.7,0.431
Jesus Aguilar\aguilje01,449,49,22,93,0.261,0.788,1.4,510,89.6,0.41
Bobby Dalbec\dalbebo01,417,50,25,78,0.24,0.792,0.2,453,92.4,0.48100000000000004
Jack Mayfield\mayfija01,266,30,10,39,0.218,0.659,0.2,290,83.4,0.271
Mike Trout\troutmi01,117,23,8,18,0.333,1.09,1.8,146,91.9,0.5329999999999999
Isiah Kiner-Falefa\kineris01,635,74,8,53,0.271,0.67,3.7,677,85.4,0.289
Yandy Díaz\diazya01,465,62,13,64,0.256,0.74,1.6,541,89.9,0.405
Jake Marisnick\marisja01,176,21,5,24,0.216,0.661,0.2,198,87.3,0.365
Avisail Garcia\garciav01,461,68,29,86,0.262,0.82,2.9,515,90.4,0.46399999999999997
Trevor Story\storytr01,526,88,24,75,0.251,0.801,4.2,595,90.6,0.426
Jordy Mercer\mercejo03,118,13,2,9,0.254,0.671,0.2,127,86.7,0.33299999999999996
Alex Bregman\bregmal01,348,54,12,55,0.27,0.777,2.1,400,89.0,0.38299999999999995
Brian Anderson\anderbr06,233,24,7,28,0.249,0.715,1.3,264,88.8,0.387
Byron Buxton\buxtoby01,235,50,19,32,0.306,1.005,4.5,254,92.1,0.5379999999999999
Xander Bogaerts\bogaexa01,529,90,23,79,0.295,0.863,4.9,603,89.6,0.431
Starlin Castro\castrst01,315,25,3,38,0.283,0.708,1.1,346,88.4,0.402
JaCoby Jones\jonesja07,100,9,2,9,0.17,0.46,-0.7,105,89.4,0.36200000000000004
José Iglesias\iglesjo01,483,65,9,48,0.271,0.701,-0.7,511,85.4,0.289
Javier Baez\baezja01,502,80,31,87,0.265,0.813,4.5,547,89.7,0.45299999999999996
Zack Short\shortza01,156,21,6,20,0.141,0.521,-0.5,184,87.5,0.33
Vladimir Guerrero Jr.\guerrvl02,604,123,48,111,0.311,1.002,6.8,698,95.1,0.556
Kevin Pillar\pillake01,325,40,15,47,0.231,0.692,0.5,347,85.8,0.318
Jonathan India\indiajo01,532,98,21,69,0.269,0.835,3.9,631,87.5,0.386
Carlos Correa\correca01,555,104,26,92,0.279,0.85,7.2,640,90.2,0.42700000000000005
Andy Ibáñez\ibanean01,253,31,7,25,0.277,0.756,1.8,272,88.5,0.38799999999999996
Carter Kieboom\kieboca01,217,26,6,20,0.207,0.619,-1.0,249,85.3,0.363
Yuli Gurriel\gourryu01,530,83,15,81,0.319,0.846,3.7,605,89.8,0.42
Luis Urias\uriaslu01,490,77,23,75,0.249,0.789,3.1,570,87.8,0.405
Myles Straw\strawmy01,564,86,4,48,0.271,0.696,3.2,638,86.4,0.264
Kyle Farmer\farmeky01,483,60,16,63,0.263,0.732,1.2,529,87.1,0.32
Nick Castellanos\casteni01,531,95,34,100,0.309,0.939,3.2,585,89.8,0.469
Alejandro Kirk\kirkal01,165,19,8,24,0.242,0.764,0.9,189,92.3,0.469
Yadier Molina\molinya01,440,45,11,66,0.252,0.667,1.8,473,88.0,0.317
Wilmer Flores\florewi01,389,57,18,53,0.262,0.782,1.7,436,88.6,0.355
Tom Murphy\murphto04,277,35,11,34,0.202,0.655,0.9,325,88.6,0.381
Mookie Betts\bettsmo01,466,93,23,58,0.264,0.854,4.2,550,90.3,0.413
Patrick Wisdom\wisdopa01,338,54,28,61,0.231,0.823,2.2,375,91.2,0.519
Nick Solak\solakni01,458,57,11,49,0.242,0.677,1.0,511,86.4,0.337
Eloy Jiménez\jimenel02,213,23,10,37,0.249,0.74,0.7,231,90.5,0.45799999999999996
Miguel Rojas\rojasmi02,495,66,9,48,0.265,0.713,2.6,539,86.0,0.32899999999999996
Richie Martin\martiri01,98,9,1,8,0.235,0.555,-1.0,105,82.6,0.292
José Abreu\abreujo02,566,86,30,117,0.261,0.831,3.0,659,92.0,0.494
Josh Harrison\harrijo05,505,58,8,60,0.279,0.741,2.1,558,87.0,0.326
J.T. Realmuto\realmjt01,476,64,17,73,0.263,0.782,3.5,537,89.6,0.447
Buster Posey\poseybu01,395,68,18,56,0.304,0.889,3.5,454,88.5,0.39399999999999996
Garrett Hampson\hampsga01,453,69,11,33,0.234,0.669,0.7,494,83.7,0.314
Miguel Cabrera\cabremi01,472,48,15,75,0.256,0.701,-0.5,526,91.4,0.49700000000000005
Bryan De La Cruz\delacbr01,199,17,5,19,0.296,0.783,1.0,219,88.4,0.42200000000000004
Tyler Stephenson\stephty01,350,56,10,45,0.286,0.797,1.9,402,88.4,0.384
Franmil Reyes\reyesfr01,418,57,30,85,0.254,0.846,1.6,466,92.0,0.493
Jose Altuve\altuvjo01,601,117,31,83,0.278,0.839,4.4,678,86.6,0.349
Seby Zavala\zavalse01,93,15,5,15,0.183,0.616,-0.2,104,83.6,0.35200000000000004
Nick Senzel\senzeni01,111,18,1,8,0.252,0.638,-0.4,124,88.9,0.396
Bo Bichette\bichebo01,640,121,29,102,0.298,0.828,5.9,690,91.4,0.47600000000000003
Michael A. Taylor\taylomi02,483,58,12,54,0.244,0.653,2.5,528,88.5,0.402
Jo Adell\adelljo01,130,17,4,26,0.246,0.703,0.3,140,85.8,0.32
Aaron Judge\judgeaa01,550,89,39,98,0.287,0.916,6.0,633,95.8,0.584
Lewis Brinson\brinsle01,274,24,9,33,0.226,0.639,0.1,290,88.1,0.377
Ryan McKenna\mckenry01,169,20,2,14,0.183,0.559,-0.2,197,85.3,0.34
Wilson Ramos\ramoswi01,151,15,8,20,0.205,0.646,-0.4,163,89.6,0.44
Martin Maldonado\maldoma01,373,40,12,36,0.172,0.573,0.0,426,87.3,0.332
Paul DeJong\dejonpa01,356,44,19,45,0.197,0.674,1.6,402,86.3,0.353
Jordan Luplow\luplojo01,163,23,11,28,0.202,0.78,0.6,193,86.4,0.321
Andrew Knizner\kniznan01,161,18,1,9,0.174,0.517,-0.2,185,87.5,0.369
Justin Turner\turneju01,533,87,27,87,0.278,0.832,3.7,612,90.9,0.425
Brent Rooker\rookebr01,189,25,9,16,0.201,0.688,-0.6,213,91.0,0.48700000000000004
Adam Duvall\duvalad01,513,67,38,113,0.228,0.772,3.1,555,89.8,0.439
Gary Sanchez\sanchga02,383,54,23,54,0.204,0.73,0.7,440,89.5,0.42
Elias Diaz\diazel01,338,52,18,44,0.246,0.774,2.2,371,87.1,0.376
Matt Chapman\chapmma01,529,75,27,72,0.21,0.716,3.5,622,89.7,0.418
Tyler O'Neill\oneilty01,482,89,34,80,0.286,0.912,6.3,537,93.0,0.522
Jake Meyers\meyerja02,146,22,6,28,0.26,0.761,1.2,163,88.4,0.364
Curt Casali\casalcu01,200,20,5,26,0.21,0.663,0.7,231,85.5,0.311
Carson Kelly\kellyca02,304,41,13,46,0.24,0.754,2.1,359,88.2,0.34
Yermin Mercedes\merceye01,240,26,7,37,0.271,0.732,0.5,262,87.3,0.292
Austin Barnes\barneau01,200,28,6,23,0.215,0.644,0.4,225,84.6,0.317
Jake Rogers\rogerja03,113,17,6,17,0.239,0.802,1.2,127,87.4,0.386
Luis Torrens\torrelu01,346,39,15,47,0.243,0.73,1.0,378,90.7,0.434
Clint Frazier\frazicl01,183,20,5,15,0.186,0.633,-1.4,218,86.9,0.415
Mark Canha\canhama01,519,93,17,61,0.231,0.746,2.5,625,87.3,0.354
George Springer\springe01,299,59,22,50,0.264,0.907,2.4,342,89.4,0.41600000000000004
Ernie Clement\clemeer01,121,16,3,9,0.231,0.623,0.0,133,84.1,0.248
Lourdes Gurriel Jr.\gurrilo01,500,62,21,84,0.276,0.785,2.8,541,89.5,0.434
Amed Rosario\rosaram01,550,77,11,57,0.282,0.731,1.9,588,88.8,0.439
Sean Murphy\murphse01,393,47,17,59,0.216,0.71,2.7,448,89.2,0.42700000000000005
Yu Chang\changyu01,237,32,9,39,0.228,0.693,0.3,251,87.1,0.33899999999999997
Jorge Mateo\mateojo01,194,19,4,14,0.247,0.67,0.4,209,84.7,0.312
Chad Pinder\pindech01,214,30,6,27,0.243,0.712,0.2,233,92.6,0.542
Riley Adams\adamsri03,99,13,2,10,0.222,0.742,0.5,120,88.4,0.424
Enrique Hernandez\hernaen02,508,84,20,60,0.25,0.786,4.9,585,90.8,0.43200000000000005
Nelson Cruz\cruzne02,513,79,32,86,0.265,0.832,2.5,584,92.9,0.525
Tim Locastro\locasti01,139,15,2,7,0.18,0.515,-0.9,156,81.2,0.168
Trea Turner\turnetr01,595,107,28,77,0.328,0.911,6.5,646,89.6,0.46399999999999997
Miguel Sano\sanomi01,470,68,30,75,0.223,0.778,1.0,532,93.4,0.561
Pat Valaika\valaipa01,259,17,5,25,0.201,0.54,-1.9,281,86.3,0.326
Willson Contreras\contrwi01,413,61,21,57,0.237,0.778,4.1,483,91.8,0.486
Wil Myers\myerswi01,442,56,17,63,0.256,0.768,0.8,500,86.8,0.38
Maikel Franco\francma02,377,31,11,47,0.21,0.609,-1.6,403,88.2,0.33899999999999997
Kris Bryant\bryankr01,513,86,25,73,0.265,0.835,3.3,586,88.2,0.4
Eli White\whiteel04,198,26,6,15,0.177,0.567,-0.3,220,83.9,0.22699999999999998
Hanser Alberto\alberha01,241,25,2,24,0.27,0.693,0.4,255,83.9,0.303
Jose Peraza\perazjo01,142,21,6,20,0.204,0.647,0.0,154,84.6,0.25
Max Stassi\stassma01,282,45,13,35,0.241,0.752,1.8,319,89.9,0.428
Nico Hoerner\hoernni01,149,13,0,16,0.302,0.751,1.2,170,86.6,0.344
Phil Gosselin\gosseph01,345,40,7,47,0.261,0.676,-0.3,373,87.0,0.35200000000000004
Cam Gallagher\gallaca01,112,9,1,7,0.25,0.628,0.5,124,84.2,0.27399999999999997
Gleyber Torres\torregl01,459,50,9,51,0.259,0.697,0.8,516,86.8,0.358
Justin Upton\uptonju01,318,47,17,41,0.211,0.705,-0.7,362,90.1,0.424
Yan Gomes\gomesya01,349,49,14,52,0.252,0.723,2.5,375,89.6,0.382
Jorge Alfaro\alfarjo01,295,22,4,30,0.244,0.625,-0.4,311,90.9,0.49200000000000005
Tim Anderson\anderti01,527,94,17,61,0.309,0.806,4.8,551,89.6,0.425
Khris Davis\daviskh01,102,11,3,10,0.206,0.635,-0.4,114,89.9,0.452
Kurt Suzuki\suzukku01,219,17,6,16,0.224,0.636,-0.4,247,84.7,0.275
DJ LeMahieu\lemahdj01,597,84,10,57,0.268,0.711,1.5,679,90.6,0.436
Nolan Arenado\arenano01,593,81,34,105,0.255,0.807,4.1,653,89.0,0.375
John Nogowski\nogowjo01,129,14,1,14,0.233,0.611,-0.3,143,88.1,0.287
Alcides Escobar\escobal02,319,53,4,28,0.288,0.744,1.6,349,80.4,0.21
Tyrone Taylor\tayloty01,243,33,12,43,0.247,0.778,1.6,271,88.6,0.373
Evan Longoria\longoev01,253,45,13,46,0.261,0.833,1.8,291,94.1,0.545
Will Smith\smithwi05,414,71,25,76,0.258,0.86,3.5,501,90.1,0.43799999999999994
Ramon Urias\uriasra01,262,33,7,38,0.279,0.774,1.9,296,89.3,0.42700000000000005
Aledmys Díaz\diazal02,294,28,8,45,0.259,0.721,1.6,319,88.7,0.44799999999999995
Charlie Culberson\culbech01,247,23,5,22,0.243,0.676,1.0,271,84.0,0.298
Kyle Higashioka\higasky01,193,20,10,29,0.181,0.635,0.4,211,90.5,0.48100000000000004
Garrett Cooper\coopega03,215,30,9,33,0.284,0.845,1.1,250,91.1,0.527
Jorge Soler\solerjo01,516,74,27,70,0.223,0.749,-0.3,602,91.1,0.46799999999999997
DJ Peters\peterdj01,223,29,13,38,0.197,0.663,0.2,240,87.5,0.39399999999999996
Edmundo Sosa\sosaed01,288,39,6,27,0.271,0.735,3.2,326,86.4,0.322
Hunter Renfroe\renfrhu01,521,89,31,96,0.259,0.816,2.3,572,90.1,0.446
Elvis Andrus\andruel01,497,60,3,37,0.243,0.614,0.6,541,86.8,0.349
Pedro Severino\severpe01,379,32,11,46,0.248,0.69,1.0,419,88.2,0.385
Lane Thomas\thomala02,226,35,7,28,0.235,0.752,1.0,264,91.0,0.46299999999999997
Giancarlo Stanton\stantmi03,510,64,35,97,0.273,0.87,3.1,579,95.1,0.563
Edward Olivares\olivaed02,101,14,5,12,0.238,0.697,0.0,111,86.8,0.31
Jonathan Davis\davisjo05,87,20,1,4,0.126,0.425,-0.4,103,85.1,0.258
Jacob Stallings\stallja01,374,38,8,53,0.246,0.704,3.0,427,87.9,0.364
William Contreras\contrwi02,163,19,8,23,0.215,0.701,0.0,185,91.9,0.45
Paul Goldschmidt\goldspa01,603,102,31,99,0.294,0.879,6.1,679,92.6,0.507
Harrison Bader\baderha01,367,45,16,50,0.267,0.785,3.9,401,86.2,0.317
J.D. Davis\davisjd01,179,18,5,23,0.285,0.82,0.8,211,89.7,0.425
Frank Schwindel\schwifr01,242,44,14,43,0.326,0.962,1.7,259,86.9,0.402
Ryan Mountcastle\mountry01,534,77,33,89,0.255,0.796,0.9,586,89.1,0.397
Austin Wynns\wynnsau01,130,14,4,14,0.185,0.54,-0.6,139,83.1,0.27
Rob Refsnyder\refsnro01,139,21,2,12,0.245,0.663,-0.1,157,89.2,0.41
Austin Riley\rileyau01,590,91,33,107,0.303,0.898,6.1,662,90.1,0.45899999999999996
Juan Lagares\lagarju01,309,39,6,38,0.236,0.638,-0.3,327,87.8,0.43
Lorenzo Cain\cainlo01,257,40,8,36,0.257,0.729,2.2,286,88.4,0.37799999999999995
Owen Miller\milleow01,191,17,4,18,0.204,0.551,-1.1,202,86.3,0.331
Jose Trevino\trevijo01,285,23,5,30,0.239,0.607,0.1,302,87.1,0.369
Luke Voit\voitlu01,213,26,11,35,0.239,0.764,0.3,241,90.7,0.522
Ronald Acuna Jr.\acunaro01,297,72,24,52,0.283,0.99,3.6,360,93.8,0.5489999999999999
C.J. Cron\croncj01,470,70,28,92,0.281,0.905,3.4,547,88.8,0.42
Andrew McCutchen\mccutan01,482,78,27,80,0.222,0.778,1.4,574,88.8,0.396
Ramon Laureano\laurera01,341,43,14,39,0.246,0.76,2.6,378,88.0,0.405
Danny Mendick\mendida01,164,14,2,20,0.22,0.589,-0.3,186,82.0,0.287
Austin Hedges\hedgeau01,286,32,10,31,0.178,0.527,0.0,312,82.9,0.306
Mitch Haniger\hanigmi01,620,110,39,100,0.253,0.804,3.1,691,89.3,0.451
Danny Jansen\janseda01,184,32,11,28,0.223,0.772,1.3,205,89.6,0.45299999999999996
Mitch Garver\garvemi01,207,29,13,34,0.256,0.875,2.1,243,92.3,0.536
Jonathan Schoop\schoojo01,623,85,22,84,0.278,0.755,2.0,674,88.1,0.402
Thairo Estrada\estrath01,121,19,7,22,0.273,0.813,0.7,132,85.5,0.34700000000000003
Donovan Solano\solando01,307,35,7,31,0.28,0.748,1.1,344,88.1,0.366
Austin Slater\slateau01,274,39,12,32,0.241,0.744,1.4,306,86.5,0.41600000000000004
Taylor Jones\jonesta01,102,11,2,16,0.245,0.67,0.1,108,90.6,0.43200000000000005
Mike Zunino\zuninmi01,333,64,33,62,0.216,0.86,3.8,375,90.7,0.47
Willians Astudillo\astudwi01,208,17,7,21,0.236,0.634,-0.8,216,85.9,0.332
Anthony Rendon\rendoan01,217,24,6,34,0.24,0.712,0.0,249,89.1,0.38799999999999996
Adam Engel\engelad01,123,21,7,18,0.252,0.832,1.6,140,86.8,0.374
Teoscar Hernandez\hernate01,550,92,32,116,0.296,0.87,3.9,595,91.8,0.495
Austin Hays\haysau01,488,73,22,71,0.256,0.769,3.1,529,88.4,0.392
